100
4164536
3821029
1936540
2065763
1229942
1580523
2972080
3690778
466716
299990
2688031
3619716
3271371
4969647
141945
4456356
4413650
160784
2503097
1139969
2953125
2409331
519781
609406
1552435
31436
4478955
3691440
4572257
239575
399006
1289605
984775
372537
3043148
374625
1791948
1837056
1190694
1071642
2755955
223064
3154319
3425725
829675
4546669
942156
3569344
1217510
3527191
2654482
1527665
621485
2834778
4749126
4131023
766583
1607209
1487849
962719
4140236
1068502
4499142
108167
2245551
1313385
549816
1928939
2576630
3957911
3296988
1441917
3247655
4477775
4681529
2276750
3946249
138492
416696
3145318
4858237
3998466
1608550
4831851
1386298
694188
2150955
97536
4673462
1091950
2251137
3319629
3015502
773993
4686505
3556132
88342
2444096
4701116
1415586
