6
7 9
1 2
2 3
3 4
4 2
4 5
2 5
5 6
5 7
4 6
10 9
2 4
4 5
5 7
7 3
3 8
8 1
1 6
6 10
10 9
500 499
161 255
255 430
430 151
151 400
400 315
315 48
48 407
407 275
275 174
174 325
325 83
83 334
334 292
292 177
177 302
302 176
176 119
119 194
194 114
114 204
204 324
324 125
125 150
150 102
102 252
252 12
12 391
391 321
321 5
5 491
491 462
462 265
265 129
129 3
3 308
308 121
121 82
82 115
115 152
152 370
370 240
240 38
38 170
170 81
81 47
47 205
205 382
382 9
9 483
483 162
162 197
197 256
256 166
166 99
99 451
451 313
313 7
7 141
141 294
294 130
130 51
51 91
91 445
445 96
96 6
6 411
411 53
53 404
404 390
390 464
464 36
36 59
59 223
223 41
41 349
349 27
27 303
303 100
100 230
230 26
26 251
251 384
384 376
376 54
54 159
159 378
378 218
218 105
105 238
238 320
320 413
413 277
277 379
379 356
356 418
418 319
319 439
439 201
201 153
153 28
28 15
15 145
145 476
476 188
188 345
345 436
436 487
487 66
66 226
226 222
222 236
236 323
323 485
485 399
399 372
372 231
231 333
333 116
116 363
363 169
169 366
366 444
444 351
351 143
143 55
55 316
316 495
495 272
272 98
98 17
17 488
488 183
183 340
340 282
282 77
77 247
247 61
61 140
140 227
227 415
415 103
103 212
212 461
461 87
87 229
229 289
289 383
383 338
338 160
160 216
216 480
480 286
286 63
63 368
368 386
386 290
290 281
281 280
280 448
448 420
420 207
207 164
164 489
489 132
132 500
500 58
58 57
57 199
199 423
423 113
113 425
425 271
271 123
123 371
371 45
45 101
101 293
293 221
221 158
158 84
84 126
126 355
355 465
465 406
406 447
447 358
358 195
195 427
427 72
72 203
203 30
30 311
311 74
74 250
250 326
326 198
198 442
442 484
484 192
192 380
380 402
402 244
244 112
112 131
131 336
336 377
377 64
64 394
394 210
210 179
179 431
431 243
243 421
421 417
417 128
128 149
149 60
60 34
34 309
309 469
469 228
228 362
362 20
20 347
347 18
18 296
296 68
68 154
154 33
33 270
270 178
178 458
458 147
147 298
298 353
353 225
225 139
139 470
470 94
94 148
148 375
375 233
233 92
92 95
95 346
346 171
171 416
416 463
463 455
455 443
443 4
4 73
73 122
122 494
494 40
40 208
208 310
310 364
364 232
232 186
186 67
67 49
49 86
86 134
134 133
133 396
396 180
180 89
89 459
459 429
429 301
301 339
339 62
62 214
214 381
381 13
13 124
124 403
403 191
191 138
138 167
167 300
300 279
279 361
361 283
283 97
97 401
401 305
305 213
213 438
438 471
471 257
257 330
330 276
276 374
374 268
268 42
42 14
14 412
412 202
202 318
318 175
175 410
410 71
71 104
104 173
173 446
446 65
65 332
332 369
369 392
392 496
496 460
460 472
472 32
32 142
142 217
217 359
359 482
482 120
120 426
426 385
385 234
234 111
111 75
75 263
263 22
22 288
288 274
274 317
317 50
50 409
409 291
291 357
357 182
182 31
31 440
440 388
388 44
44 432
432 24
24 314
314 190
190 259
259 307
307 254
254 187
187 350
350 264
264 235
235 328
328 23
23 468
468 304
304 479
479 405
405 196
196 299
299 137
137 408
408 135
135 389
389 327
327 2
2 457
457 266
266 493
493 492
492 387
387 206
206 185
185 398
398 181
181 209
209 258
258 481
481 93
93 348
348 467
467 106
106 80
80 452
452 220
220 267
267 285
285 449
449 454
454 453
453 297
297 373
373 172
172 11
11 422
422 486
486 165
165 435
435 352
352 79
79 473
473 428
428 118
118 246
246 156
156 306
306 1
1 434
434 322
322 21
21 245
245 200
200 155
155 441
441 76
76 211
211 215
215 241
241 337
337 354
354 474
474 43
43 477
477 78
78 365
365 490
490 108
108 498
498 419
419 262
262 19
19 163
163 253
253 367
367 16
16 237
237 249
249 70
70 184
184 273
273 335
335 331
331 360
360 456
456 85
85 224
224 242
242 189
189 437
437 25
25 39
39 157
157 10
10 168
168 110
110 88
88 329
329 393
393 466
466 35
35 342
342 414
414 90
90 269
269 261
261 117
117 478
478 284
284 144
144 397
397 107
107 46
46 29
29 136
136 450
450 127
127 52
52 341
341 395
395 287
287 8
8 239
239 424
424 312
312 193
193 146
146 433
433 278
278 109
109 56
56 343
343 499
499 219
219 37
37 344
344 69
69 497
497 475
475 260
260 248
248 295
4 5
1 2
1 3
1 4
2 3
3 4
4 6
1 2
1 3
1 4
2 3
2 4
3 4
4 2
1 2
3 4
